[gd_scene load_steps=11 format=3 uid="uid://c7cytar1b73si"]

[ext_resource type="PackedScene" uid="uid://caf5bpetmv4kt" path="res://characters/enemies/monster.tscn" id="1_l05yc"]
[ext_resource type="PackedScene" uid="uid://b2i2siq8m6j0i" path="res://characters/enemies/bird_monster/birdmonster.glb" id="2_g8epu"]
[ext_resource type="PackedScene" uid="uid://chvuni7rsqm0s" path="res://characters/hit_box.tscn" id="3_lc3dg"]
[ext_resource type="PackedScene" uid="uid://c3tr07xydda6a" path="res://weapons/bullet_emitters/area_damage_emitter.tscn" id="4_n1kmq"]

[sub_resource type="CapsuleShape3D" id="CapsuleShape3D_0oui8"]
radius = 0.18305
height = 0.960058

[sub_resource type="CapsuleShape3D" id="CapsuleShape3D_n7xmj"]

[sub_resource type="CapsuleShape3D" id="CapsuleShape3D_w2tes"]
radius = 0.0795732
height = 0.572738

[sub_resource type="CapsuleShape3D" id="CapsuleShape3D_1xer3"]
radius = 0.0517215
height = 0.572738

[sub_resource type="CapsuleShape3D" id="CapsuleShape3D_abswl"]
radius = 0.0517215
height = 0.363538

[sub_resource type="CapsuleShape3D" id="CapsuleShape3D_f7h0y"]
radius = 0.0942623
height = 0.572738

[node name="BirdMonster" node_paths=PackedStringArray("animation_player") instance=ExtResource("1_l05yc")]
animation_player = NodePath("Graphics/birdmonster/AnimationPlayer")
attack_range = 1.5
damage = 10
attack_speed_modifier = 4.0

[node name="HealthManager" parent="." index="0"]
max_health = 75

[node name="CollisionShape3D" parent="." index="1"]
transform = Transform3D(1, 0, 0, 0, 1, 0, 0, 0, 1, 0, 1.04458, 0)
visible = false

[node name="birdmonster" parent="Graphics" index="0" instance=ExtResource("2_g8epu")]

[node name="Armature" parent="Graphics/birdmonster" index="0"]
transform = Transform3D(-1, 0, -8.74228e-08, 0, 1, 0, 8.74228e-08, 0, -1, 0, 0, 0)

[node name="Skeleton3D" parent="Graphics/birdmonster/Armature" index="0"]
bones/1/rotation = Quaternion(0.267233, 0.00785958, -0.0802484, 0.960252)
bones/2/rotation = Quaternion(0.0368501, 0.133536, 0.909049, -0.392989)
bones/2/scale = Vector3(1, 1, 1)
bones/3/rotation = Quaternion(0.126407, -0.0708482, -0.15239, 0.97764)
bones/3/scale = Vector3(1, 1, 1)
bones/4/rotation = Quaternion(-0.242362, 0.409981, 0.876294, -0.0727051)
bones/4/scale = Vector3(1, 1, 1)
bones/5/rotation = Quaternion(0.00484289, 0.0145039, 0.38661, 0.922117)
bones/5/scale = Vector3(1, 1, 1)
bones/6/rotation = Quaternion(0.328428, 0.154728, 0.931432, -0.0250929)
bones/6/scale = Vector3(0.999975, 1, 1)
bones/7/rotation = Quaternion(-0.281262, 0.00232481, 0.0141665, 0.959524)
bones/8/rotation = Quaternion(-0.328428, 0.154728, 0.931432, 0.0250929)
bones/8/scale = Vector3(0.999975, 1, 1)
bones/9/rotation = Quaternion(-0.281262, -0.00232482, -0.0141665, 0.959524)

[node name="Body" type="BoneAttachment3D" parent="Graphics/birdmonster/Armature/Skeleton3D" index="1"]
transform = Transform3D(0.986997, 0.158318, -0.0277957, -0.149917, 0.844293, -0.514484, -0.0579845, 0.511961, 0.857049, 0, 1.13977, 0)
bone_name = "body"
bone_idx = 1

[node name="HitBox" parent="Graphics/birdmonster/Armature/Skeleton3D/Body" index="0" instance=ExtResource("3_lc3dg")]

[node name="CollisionShape3D" parent="Graphics/birdmonster/Armature/Skeleton3D/Body/HitBox" index="0"]
transform = Transform3D(1, 0, -1.27898e-13, 0, 1, 0, 0, 0, 1, 0, 0.181466, 0.0389586)
shape = SubResource("CapsuleShape3D_0oui8")

[node name="HitBoxHead" parent="Graphics/birdmonster/Armature/Skeleton3D/Body" index="1" instance=ExtResource("3_lc3dg")]
weak_spot = true

[node name="CollisionShape3D" parent="Graphics/birdmonster/Armature/Skeleton3D/Body/HitBoxHead" index="0"]
transform = Transform3D(0.587, 2.15686e-14, 8.72293e-14, -6.70073e-15, 0.280618, -0.316853, -8.04088e-14, 0.13407, 0.663196, -4.67865e-08, 0.559208, 0.15722)
shape = SubResource("CapsuleShape3D_n7xmj")

[node name="UpperArmL" type="BoneAttachment3D" parent="Graphics/birdmonster/Armature/Skeleton3D" index="2"]
transform = Transform3D(-0.795791, 0.605201, -0.0211724, -0.580196, -0.771992, -0.259615, -0.173465, -0.194315, 0.96548, 0.233233, 1.42694, 0.179952)
bone_name = "upper_arm.l"
bone_idx = 2

[node name="HitBox" parent="Graphics/birdmonster/Armature/Skeleton3D/UpperArmL" index="0" instance=ExtResource("3_lc3dg")]
transform = Transform3D(1, -2.80561e-08, 1.11759e-08, 6.04196e-08, 1, -1.49012e-08, 3.72529e-09, 1.49012e-08, 1, -1.19209e-07, -0.0156025, -1.49012e-08)

[node name="CollisionShape3D" parent="Graphics/birdmonster/Armature/Skeleton3D/UpperArmL/HitBox" index="0"]
transform = Transform3D(1, -2.77068e-08, 1.86265e-08, 1.19791e-07, 1, -2.23517e-08, 3.72529e-09, 2.23517e-08, 1, -4.76837e-07, 0.203203, -1.49012e-08)
shape = SubResource("CapsuleShape3D_w2tes")

[node name="LowerArmL" type="BoneAttachment3D" parent="Graphics/birdmonster/Armature/Skeleton3D" index="3"]
transform = Transform3D(-0.944127, 0.329198, -0.0158991, -0.329532, -0.943724, 0.0281503, -0.00573738, 0.0318169, 0.999477, 0.494669, 1.09345, 0.0960117)
bone_name = "lower_arm.l"
bone_idx = 3

[node name="HitBox" parent="Graphics/birdmonster/Armature/Skeleton3D/LowerArmL" index="0" instance=ExtResource("3_lc3dg")]
transform = Transform3D(1, -2.80561e-08, 1.11759e-08, 6.04196e-08, 1, -1.49012e-08, 3.72529e-09, 1.49012e-08, 1, -1.19209e-07, -0.0156025, -1.49012e-08)

[node name="CollisionShape3D" parent="Graphics/birdmonster/Armature/Skeleton3D/LowerArmL/HitBox" index="0"]
transform = Transform3D(1, -2.00234e-08, 1.86265e-08, 1.23866e-07, 1, -2.98023e-08, 7.45058e-09, 2.98023e-08, 1, -0.00554621, 0.203203, -5.96046e-08)
shape = SubResource("CapsuleShape3D_1xer3")

[node name="CollisionShape3D2" type="CollisionShape3D" parent="Graphics/birdmonster/Armature/Skeleton3D/LowerArmL/HitBox" index="1"]
transform = Transform3D(0.962271, 0.272096, -1.67638e-08, -0.272096, 0.96227, 0, 7.45058e-09, -5.96046e-08, 1, 0.0344118, 0.57345, -1.78814e-07)
shape = SubResource("CapsuleShape3D_abswl")

[node name="CollisionShape3D4" type="CollisionShape3D" parent="Graphics/birdmonster/Armature/Skeleton3D/LowerArmL/HitBox" index="2"]
transform = Transform3D(0.962272, 0.227339, 0.14951, -0.272096, 0.803987, 0.528743, -2.23517e-08, -0.549475, 0.83551, 0.0186309, 0.51764, -0.133506)
shape = SubResource("CapsuleShape3D_abswl")

[node name="CollisionShape3D3" type="CollisionShape3D" parent="Graphics/birdmonster/Armature/Skeleton3D/LowerArmL/HitBox" index="3"]
transform = Transform3D(0.962271, 0.242247, -0.123905, -0.272096, 0.85671, -0.438193, -7.45058e-09, 0.455374, 0.8903, 0.0200076, 0.522509, 0.103499)
shape = SubResource("CapsuleShape3D_abswl")

[node name="UpperArmR" type="BoneAttachment3D" parent="Graphics/birdmonster/Armature/Skeleton3D" index="4"]
transform = Transform3D(-0.902097, -0.194753, -0.385087, 0.0432154, -0.928655, 0.368419, -0.429363, 0.315708, 0.846153, -0.115599, 1.47993, 0.200446)
bone_name = "upper_arm.r"
bone_idx = 4

[node name="HitBox" parent="Graphics/birdmonster/Armature/Skeleton3D/UpperArmR" index="0" instance=ExtResource("3_lc3dg")]
transform = Transform3D(1, -2.80561e-08, 1.11759e-08, 6.04196e-08, 1, -1.49012e-08, 3.72529e-09, 1.49012e-08, 1, -1.19209e-07, -0.0156025, -1.49012e-08)

[node name="CollisionShape3D" parent="Graphics/birdmonster/Armature/Skeleton3D/UpperArmR/HitBox" index="0"]
transform = Transform3D(1, -2.77068e-08, 1.86265e-08, 1.19791e-07, 1, -2.23517e-08, 3.72529e-09, 2.23517e-08, 1, -4.76837e-07, 0.203203, -1.49012e-08)
shape = SubResource("CapsuleShape3D_w2tes")

[node name="LowerArmR" type="BoneAttachment3D" parent="Graphics/birdmonster/Armature/Skeleton3D" index="5"]
transform = Transform3D(-0.762077, 0.498784, -0.412859, -0.640456, -0.674389, 0.367444, -0.0951523, 0.544439, 0.833386, -0.199729, 1.07876, 0.336826)
bone_name = "lower_arm.r"
bone_idx = 5

[node name="HitBox" parent="Graphics/birdmonster/Armature/Skeleton3D/LowerArmR" index="0" instance=ExtResource("3_lc3dg")]
transform = Transform3D(-1, -6.04196e-08, -3.72529e-09, -6.04196e-08, 1, -1.49012e-08, -3.72529e-09, 1.49012e-08, 1, -1.19209e-07, -0.0156025, -1.49012e-08)

[node name="CollisionShape3D" parent="Graphics/birdmonster/Armature/Skeleton3D/LowerArmR/HitBox" index="0"]
transform = Transform3D(1, -2.00234e-08, 1.86265e-08, 1.23866e-07, 1, -2.98023e-08, 7.45058e-09, 2.98023e-08, 1, -0.00554621, 0.203203, -5.96046e-08)
shape = SubResource("CapsuleShape3D_1xer3")

[node name="CollisionShape3D2" type="CollisionShape3D" parent="Graphics/birdmonster/Armature/Skeleton3D/LowerArmR/HitBox" index="1"]
transform = Transform3D(0.962271, 0.272096, -1.67638e-08, -0.272096, 0.96227, 0, 7.45058e-09, -5.96046e-08, 1, 0.0344118, 0.57345, -1.78814e-07)
shape = SubResource("CapsuleShape3D_abswl")

[node name="CollisionShape3D4" type="CollisionShape3D" parent="Graphics/birdmonster/Armature/Skeleton3D/LowerArmR/HitBox" index="2"]
transform = Transform3D(0.962272, 0.227339, 0.14951, -0.272096, 0.803987, 0.528743, -2.23517e-08, -0.549475, 0.83551, 0.0186309, 0.51764, -0.133506)
shape = SubResource("CapsuleShape3D_abswl")

[node name="CollisionShape3D3" type="CollisionShape3D" parent="Graphics/birdmonster/Armature/Skeleton3D/LowerArmR/HitBox" index="3"]
transform = Transform3D(0.962271, 0.242247, -0.123905, -0.272096, 0.85671, -0.438193, -7.45058e-09, 0.455374, 0.8903, 0.0200076, 0.522509, 0.103499)
shape = SubResource("CapsuleShape3D_abswl")

[node name="UpperLegL" type="BoneAttachment3D" parent="Graphics/birdmonster/Armature/Skeleton3D" index="6"]
transform = Transform3D(-0.782991, 0.148379, 0.604051, 0.0548879, -0.950859, 0.304719, 0.619566, 0.271755, 0.736389, 0.131876, 0.936301, 1.36788e-07)
bone_name = "upperleg.l"
bone_idx = 6

[node name="HitBox" parent="Graphics/birdmonster/Armature/Skeleton3D/UpperLegL" index="0" instance=ExtResource("3_lc3dg")]
transform = Transform3D(1, -2.80561e-08, 1.11759e-08, 6.04196e-08, 1, -1.49012e-08, 3.72529e-09, 1.49012e-08, 1, -1.19209e-07, -0.0156025, -1.49012e-08)

[node name="CollisionShape3D" parent="Graphics/birdmonster/Armature/Skeleton3D/UpperLegL/HitBox" index="0"]
transform = Transform3D(1, 5.96046e-08, 2.98023e-07, -1.49012e-08, 1, -1.93715e-07, 3.57628e-07, -4.47035e-08, 1, 0.0153321, 0.203204, 0.0107284)
shape = SubResource("CapsuleShape3D_f7h0y")

[node name="UpperLegR" type="BoneAttachment3D" parent="Graphics/birdmonster/Armature/Skeleton3D" index="7"]
transform = Transform3D(-0.782991, -0.148379, -0.604051, -0.0548879, -0.950859, 0.304719, -0.619566, 0.271755, 0.736389, -0.131876, 0.936301, 1.36788e-07)
bone_name = "upperleg.r"
bone_idx = 8

[node name="HitBox" parent="Graphics/birdmonster/Armature/Skeleton3D/UpperLegR" index="0" instance=ExtResource("3_lc3dg")]
transform = Transform3D(1, -2.80561e-08, 1.11759e-08, 6.04196e-08, 1, -1.49012e-08, 3.72529e-09, 1.49012e-08, 1, -1.19209e-07, -0.0156025, -1.49012e-08)

[node name="CollisionShape3D" parent="Graphics/birdmonster/Armature/Skeleton3D/UpperLegR/HitBox" index="0"]
transform = Transform3D(1, 7.45058e-08, 2.38419e-07, 4.47035e-08, 1, -1.63913e-07, 2.38419e-07, -1.49012e-08, 1, 0.015332, 0.203204, 0.00314647)
shape = SubResource("CapsuleShape3D_f7h0y")

[node name="LowerLegR" type="BoneAttachment3D" parent="Graphics/birdmonster/Armature/Skeleton3D" index="8"]
transform = Transform3D(-0.786338, 0.178846, -0.591318, -0.0264708, -0.966054, -0.256982, -0.617189, -0.186425, 0.764398, -0.193831, 0.539271, 0.113471)
bone_name = "lowerleg.r"
bone_idx = 9

[node name="HitBox" parent="Graphics/birdmonster/Armature/Skeleton3D/LowerLegR" index="0" instance=ExtResource("3_lc3dg")]
transform = Transform3D(1, -2.80561e-08, 1.11759e-08, 6.04196e-08, 1, -1.49012e-08, 3.72529e-09, 1.49012e-08, 1, -1.19209e-07, -0.0156025, -1.49012e-08)

[node name="CollisionShape3D" parent="Graphics/birdmonster/Armature/Skeleton3D/LowerLegR/HitBox" index="0"]
transform = Transform3D(1, 7.45058e-08, 2.38419e-07, 4.47035e-08, 1, -1.63913e-07, 2.38419e-07, -1.49012e-08, 1, 0.015332, 0.203204, 0.00314647)
shape = SubResource("CapsuleShape3D_f7h0y")

[node name="LowerLegL" type="BoneAttachment3D" parent="Graphics/birdmonster/Armature/Skeleton3D" index="9"]
transform = Transform3D(-0.786337, -0.178846, 0.591318, 0.0264708, -0.966054, -0.256982, 0.617189, -0.186425, 0.764398, 0.193831, 0.539271, 0.113471)
bone_name = "lowerleg.l"
bone_idx = 7

[node name="HitBox" parent="Graphics/birdmonster/Armature/Skeleton3D/LowerLegL" index="0" instance=ExtResource("3_lc3dg")]
transform = Transform3D(1, -2.80561e-08, 1.11759e-08, 6.04196e-08, 1, -1.49012e-08, 3.72529e-09, 1.49012e-08, 1, -1.19209e-07, -0.0156025, -1.49012e-08)

[node name="CollisionShape3D" parent="Graphics/birdmonster/Armature/Skeleton3D/LowerLegL/HitBox" index="0"]
transform = Transform3D(1, 7.45058e-08, 2.38419e-07, 4.47035e-08, 1, -1.63913e-07, 2.38419e-07, -1.49012e-08, 1, 0.015332, 0.203204, 0.00314647)
shape = SubResource("CapsuleShape3D_f7h0y")

[node name="AICharacterMover" parent="." index="5"]
max_speed = 6.0

[node name="AttackEmitter" parent="." index="6"]
transform = Transform3D(1, 0, 0, 0, 1, 0, 0, 0, 1, 0, 0.647307, -0.878277)

[node name="AreaDamageEmitter" parent="AttackEmitter" index="0" instance=ExtResource("4_n1kmq")]

[editable path="Graphics/birdmonster"]
[editable path="Graphics/birdmonster/Armature/Skeleton3D/Body/HitBox"]
[editable path="Graphics/birdmonster/Armature/Skeleton3D/Body/HitBoxHead"]
[editable path="Graphics/birdmonster/Armature/Skeleton3D/UpperArmL/HitBox"]
[editable path="Graphics/birdmonster/Armature/Skeleton3D/LowerArmL/HitBox"]
[editable path="Graphics/birdmonster/Armature/Skeleton3D/UpperArmR/HitBox"]
[editable path="Graphics/birdmonster/Armature/Skeleton3D/LowerArmR/HitBox"]
[editable path="Graphics/birdmonster/Armature/Skeleton3D/UpperLegL/HitBox"]
[editable path="Graphics/birdmonster/Armature/Skeleton3D/UpperLegR/HitBox"]
[editable path="Graphics/birdmonster/Armature/Skeleton3D/LowerLegR/HitBox"]
[editable path="Graphics/birdmonster/Armature/Skeleton3D/LowerLegL/HitBox"]
